255 255 255 255 255 255 255 255 255 255 255 255 255 255 255 255
255 214 153 153 153 153 153 153 153 153 153 153 153 153 214 255
255 153   0   0   0   0   0   0   0   0   0   0   0   0 153 255
255 153   0   0   0   0   0   0   0   0   0   0   0   0 153 255
255 153   0   0  10  51  51  51  51  51  51  10   0   0 153 255
255 153   0   0  51 255 255 255 255 255 255  51   0   0 153 255
255 153   0   0  51 255 242 147 145 242 255  51   0   0 153 255
255 153   0   0  51 255 162 163 103 161 255  51   0   0 153 255
255 153   0   0  51 255 162  99 161 162 255  51   0   0 153 255
255 153   0   0  51 255 246 155 155 246 255  51   0   0 153 255
255 153   0   0  51 255 255 255 255 255 255  51   0   0 153 255
255 153   0   0  10  51  51  51  51  51  51  10   0   0 153 255
255 153   0   0   0   0   0   0   0   0   0   0   0   0 153 255
255 153   0   0   0   0   0   0   0   0   0   0   0   0 153 255
255 214 153 153 153 153 153 153 153 153 153 153 153 153 214 255
255 255 255 255 255 255 255 255 255 255 255 255 255 255 255 255
255 255 255 255 255 255 255 255 255 255 255 255 255 255 255 255
255 214 153 153 153 153 153 153 153 153 153 153 153 153 214 255
255 153   0   0   0   0   0   0   0   0   0   0   0   0 153 255
255 153   0   0   0   0   0   0   0   0   0   0   0   0 153 255
255 153   0   0  10  51  51  51  51  51  51  10   0   0 153 255
255 153   0   0  51 255 255 255 255 255 255  51   0   0 153 255
255 153   0   0  51 255 242 146 145 242 255  51   0   0 153 255
255 153   0   0  51 255 161 163 102 161 255  51   0   0 153 255
255 153   0   0  51 255 161  98 161 161 255  51   0   0 153 255
255 153   0   0  51 255 246 155 155 246 255  51   0   0 153 255
255 153   0   0  51 255 255 255 255 255 255  51   0   0 153 255
255 153   0   0  10  51  51  51  51  51  51  10   0   0 153 255
255 153   0   0   0   0   0   0   0   0   0   0   0   0 153 255
255 153   0   0   0   0   0   0   0   0   0   0   0   0 153 255
255 214 153 153 153 153 153 153 153 153 153 153 153 153 214 255
255 255 255 255 255 255 255 255 255 255 255 255 255 255 255 255
255 255 255 255 255 255 255 255 255 255 255 255 255 255 255 255
255 214 153 153 153 153 153 153 153 153 153 153 153 153 214 255
255 153   0   0   0   0   0   0   0   0   0   0   0   0 153 255
255 153   0   0   0   0   0   0   0   0   0   0   0   0 153 255
255 153   0   0  10  51  51  51  51  51  51  10   0   0 153 255
255 153   0   0  51 255 255 255 255 255 255  51   0   0 153 255
255 153   0   0  51 255 242 146 145 242 255  51   0   0 153 255
255 153   0   0  51 255 161 163 102 161 255  51   0   0 153 255
255 153   0   0  51 255 161  98 161 161 255  51   0   0 153 255
255 153   0   0  51 255 246 155 155 246 255  51   0   0 153 255
255 153   0   0  51 255 255 255 255 255 255  51   0   0 153 255
255 153   0   0  10  51  51  51  51  51  51  10   0   0 153 255
255 153   0   0   0   0   0   0   0   0   0   0   0   0 153 255
255 153   0   0   0   0   0   0   0   0   0   0   0   0 153 255
255 214 153 153 153 153 153 153 153 153 153 153 153 153 214 255
255 255 255 255 255 255 255 255 255 255 255 255 255 255 255 255

255 255 255 255 255 255 255 255 255 255 255 255 255 255 255 255
255 214 153 153 153 153 153 153 153 153 153 153 153 153 214 255
255 153   0   0   0   0   0   0   0   0   0   0   0   0 153 255
255 153   0   0   0   0   0   0   0   0   0   0   0   0 153 255
255 153   0   0  10  51  51  51  51  51  51  10   0   0 153 255
255 153   0   0  51 255 255 255 255 255 255  51   0   0 153 255
255 153   0   0  51 255 242 161 162 246 255  51   0   0 153 255
255 153   0   0  51 255 145 103 161 155 255  51   0   0 153 255
255 153   0   0  51 255 147 163  99 155 255  51   0   0 153 255
255 153   0   0  51 255 242 162 162 246 255  51   0   0 153 255
255 153   0   0  51 255 255 255 255 255 255  51   0   0 153 255
255 153   0   0  10  51  51  51  51  51  51  10   0   0 153 255
255 153   0   0   0   0   0   0   0   0   0   0   0   0 153 255
255 153   0   0   0   0   0   0   0   0   0   0   0   0 153 255
255 214 153 153 153 153 153 153 153 153 153 153 153 153 214 255
255 255 255 255 255 255 255 255 255 255 255 255 255 255 255 255
255 255 255 255 255 255 255 255 255 255 255 255 255 255 255 255
255 214 153 153 153 153 153 153 153 153 153 153 153 153 214 255
255 153   0   0   0   0   0   0   0   0   0   0   0   0 153 255
255 153   0   0   0   0   0   0   0   0   0   0   0   0 153 255
255 153   0   0  10  51  51  51  51  51  51  10   0   0 153 255
255 153   0   0  51 255 255 255 255 255 255  51   0   0 153 255
255 153   0   0  51 255 242 161 161 246 255  51   0   0 153 255
255 153   0   0  51 255 145 102 161 155 255  51   0   0 153 255
255 153   0   0  51 255 146 163  98 155 255  51   0   0 153 255
255 153   0   0  51 255 242 161 161 246 255  51   0   0 153 255
255 153   0   0  51 255 255 255 255 255 255  51   0   0 153 255
255 153   0   0  10  51  51  51  51  51  51  10   0   0 153 255
255 153   0   0   0   0   0   0   0   0   0   0   0   0 153 255
255 153   0   0   0   0   0   0   0   0   0   0   0   0 153 255
255 214 153 153 153 153 153 153 153 153 153 153 153 153 214 255
255 255 255 255 255 255 255 255 255 255 255 255 255 255 255 255
255 255 255 255 255 255 255 255 255 255 255 255 255 255 255 255
255 214 153 153 153 153 153 153 153 153 153 153 153 153 214 255
255 153   0   0   0   0   0   0   0   0   0   0   0   0 153 255
255 153   0   0   0   0   0   0   0   0   0   0   0   0 153 255
255 153   0   0  10  51  51  51  51  51  51  10   0   0 153 255
255 153   0   0  51 255 255 255 255 255 255  51   0   0 153 255
255 153   0   0  51 255 242 161 161 246 255  51   0   0 153 255
255 153   0   0  51 255 145 102 161 155 255  51   0   0 153 255
255 153   0   0  51 255 146 163  98 155 255  51   0   0 153 255
255 153   0   0  51 255 242 161 161 246 255  51   0   0 153 255
255 153   0   0  51 255 255 255 255 255 255  51   0   0 153 255
255 153   0   0  10  51  51  51  51  51  51  10   0   0 153 255
255 153   0   0   0   0   0   0   0   0   0   0   0   0 153 255
255 153   0   0   0   0   0   0   0   0   0   0   0   0 153 255
255 214 153 153 153 153 153 153 153 153 153 153 153 153 214 255
255 255 255 255 255 255 255 255 255 255 255 255 255 255 255 255

255 255 255 255 255 255 255 255 255 255 255 255 255 255 255 255
255 214 153 153 153 153 153 153 153 153 153 153 153 153 214 255
255 153   0   0   0   0   0   0   0   0   0   0   0   0 153 255
255 153   0   0   0   0   0   0   0   0   0   0   0   0 153 255
255 153   0   0  10  51  51  51  51  51  51  10   0   0 153 255
255 153   0   0  51 255 255 255 255 255 255  51   0   0 153 255
255 153   0   0  51 255 246 155 155 246 255  51   0   0 153 255
255 153   0   0  51 255 162 161  99 162 255  51   0   0 153 255
255 153   0   0  51 255 161 103 163 162 255  51   0   0 153 255
255 153   0   0  51 255 242 145 147 242 255  51   0   0 153 255
255 153   0   0  51 255 255 255 255 255 255  51   0   0 153 255
255 153   0   0  10  51  51  51  51  51  51  10   0   0 153 255
255 153   0   0   0   0   0   0   0   0   0   0   0   0 153 255
255 153   0   0   0   0   0   0   0   0   0   0   0   0 153 255
255 214 153 153 153 153 153 153 153 153 153 153 153 153 214 255
255 255 255 255 255 255 255 255 255 255 255 255 255 255 255 255
255 255 255 255 255 255 255 255 255 255 255 255 255 255 255 255
255 214 153 153 153 153 153 153 153 153 153 153 153 153 214 255
255 153   0   0   0   0   0   0   0   0   0   0   0   0 153 255
255 153   0   0   0   0   0   0   0   0   0   0   0   0 153 255
255 153   0   0  10  51  51  51  51  51  51  10   0   0 153 255
255 153   0   0  51 255 255 255 255 255 255  51   0   0 153 255
255 153   0   0  51 255 246 155 155 246 255  51   0   0 153 255
255 153   0   0  51 255 161 161  98 161 255  51   0   0 153 255
255 153   0   0  51 255 161 102 163 161 255  51   0   0 153 255
255 153   0   0  51 255 242 145 146 242 255  51   0   0 153 255
255 153   0   0  51 255 255 255 255 255 255  51   0   0 153 255
255 153   0   0  10  51  51  51  51  51  51  10   0   0 153 255
255 153   0   0   0   0   0   0   0   0   0   0   0   0 153 255
255 153   0   0   0   0   0   0   0   0   0   0   0   0 153 255
255 214 153 153 153 153 153 153 153 153 153 153 153 153 214 255
255 255 255 255 255 255 255 255 255 255 255 255 255 255 255 255
255 255 255 255 255 255 255 255 255 255 255 255 255 255 255 255
255 214 153 153 153 153 153 153 153 153 153 153 153 153 214 255
255 153   0   0   0   0   0   0   0   0   0   0   0   0 153 255
255 153   0   0   0   0   0   0   0   0   0   0   0   0 153 255
255 153   0   0  10  51  51  51  51  51  51  10   0   0 153 255
255 153   0   0  51 255 255 255 255 255 255  51   0   0 153 255
255 153   0   0  51 255 246 155 155 246 255  51   0   0 153 255
255 153   0   0  51 255 161 161  98 161 255  51   0   0 153 255
255 153   0   0  51 255 161 102 163 161 255  51   0   0 153 255
255 153   0   0  51 255 242 145 146 242 255  51   0   0 153 255
255 153   0   0  51 255 255 255 255 255 255  51   0   0 153 255
255 153   0   0  10  51  51  51  51  51  51  10   0   0 153 255
255 153   0   0   0   0   0   0   0   0   0   0   0   0 153 255
255 153   0   0   0   0   0   0   0   0   0   0   0   0 153 255
255 214 153 153 153 153 153 153 153 153 153 153 153 153 214 255
255 255 255 255 255 255 255 255 255 255 255 255 255 255 255 255

255 255 255 255 255 255 255 255 255 255 255 255 255 255 255 255
255 214 153 153 153 153 153 153 153 153 153 153 153 153 214 255
255 153   0   0   0   0   0   0   0   0   0   0   0   0 153 255
255 153   0   0   0   0   0   0   0   0   0   0   0   0 153 255
255 153   0   0  10  51  51  51  51  51  51  10   0   0 153 255
255 153   0   0  51 255 255 255 255 255 255  51   0   0 153 255
255 153   0   0  51 255 246 162 162 242 255  51   0   0 153 255
255 153   0   0  51 255 155  99 163 147 255  51   0   0 153 255
255 153   0   0  51 255 155 161 103 145 255  51   0   0 153 255
255 153   0   0  51 255 246 162 161 242 255  51   0   0 153 255
255 153   0   0  51 255 255 255 255 255 255  51   0   0 153 255
255 153   0   0  10  51  51  51  51  51  51  10   0   0 153 255
255 153   0   0   0   0   0   0   0   0   0   0   0   0 153 255
255 153   0   0   0   0   0   0   0   0   0   0   0   0 153 255
255 214 153 153 153 153 153 153 153 153 153 153 153 153 214 255
255 255 255 255 255 255 255 255 255 255 255 255 255 255 255 255
255 255 255 255 255 255 255 255 255 255 255 255 255 255 255 255
255 214 153 153 153 153 153 153 153 153 153 153 153 153 214 255
255 153   0   0   0   0   0   0   0   0   0   0   0   0 153 255
255 153   0   0   0   0   0   0   0   0   0   0   0   0 153 255
255 153   0   0  10  51  51  51  51  51  51  10   0   0 153 255
255 153   0   0  51 255 255 255 255 255 255  51   0   0 153 255
255 153   0   0  51 255 246 161 161 242 255  51   0   0 153 255
255 153   0   0  51 255 155  98 163 146 255  51   0   0 153 255
255 153   0   0  51 255 155 161 102 145 255  51   0   0 153 255
255 153   0   0  51 255 246 161 161 242 255  51   0   0 153 255
255 153   0   0  51 255 255 255 255 255 255  51   0   0 153 255
255 153   0   0  10  51  51  51  51  51  51  10   0   0 153 255
255 153   0   0   0   0   0   0   0   0   0   0   0   0 153 255
255 153   0   0   0   0   0   0   0   0   0   0   0   0 153 255
255 214 153 153 153 153 153 153 153 153 153 153 153 153 214 255
255 255 255 255 255 255 255 255 255 255 255 255 255 255 255 255
255 255 255 255 255 255 255 255 255 255 255 255 255 255 255 255
255 214 153 153 153 153 153 153 153 153 153 153 153 153 214 255
255 153   0   0   0   0   0   0   0   0   0   0   0   0 153 255
255 153   0   0   0   0   0   0   0   0   0   0   0   0 153 255
255 153   0   0  10  51  51  51  51  51  51  10   0   0 153 255
255 153   0   0  51 255 255 255 255 255 255  51   0   0 153 255
255 153   0   0  51 255 246 161 161 242 255  51   0   0 153 255
255 153   0   0  51 255 155  98 163 146 255  51   0   0 153 255
255 153   0   0  51 255 155 161 102 145 255  51   0   0 153 255
255 153   0   0  51 255 246 161 161 242 255  51   0   0 153 255
255 153   0   0  51 255 255 255 255 255 255  51   0   0 153 255
255 153   0   0  10  51  51  51  51  51  51  10   0   0 153 255
255 153   0   0   0   0   0   0   0   0   0   0   0   0 153 255
255 153   0   0   0   0   0   0   0   0   0   0   0   0 153 255
255 214 153 153 153 153 153 153 153 153 153 153 153 153 214 255
255 255 255 255 255 255 255 255 255 255 255 255 255 255 255 255
